[9]
[100]
[31]
[103]
[106]
[109]
[112]
[85]
[87]
[88]
[90]
[91]
[93]
[94]
[96]
[97]
[99]
[115]
[116]
[32]
[118]
[119]
[33]
[34]
[191]
[31]
[194]
[197]
[200]
[203]
[176]
[178]
[179]
[181]
[182]
[184]
[185]
[187]
[188]
[190]
[206]
[207]
[32]
[209]
[210]
[33]
[34]
[282]
[31]
[285]
[288]
[291]
[294]
[267]
[269]
[270]
[272]
[273]
[275]
[276]
[278]
[279]
[281]
[297]
[298]
[32]
[300]
[301]
[33]
[34]
[373]
[31]
[376]
[379]
[382]
[385]
[358]
[360]
[361]
[363]
[364]
[366]
[367]
[369]
[370]
[372]
[388]
[389]
[32]
[391]
[392]
[33]
[34]
[464]
[31]
[467]
[470]
[473]
[476]
[449]
[451]
[452]
[454]
[455]
[457]
[458]
[460]
[461]
[463]
[479]
[32]
[482]
[483]
[33]
[34]
